Table 5.2 in the paper: comparison on the number of LO solved
------------------------------------------------------------------------------------------------------------------------------------------------------
|                 | Simulated |    ISF (A)     |    ISF (AB)    |   ISF (ABC)    |  ISF (ABCD1)   |  ISF (ABCD2)   |  ISF (ABCD3)   |   ISF (AD4)    |
| Problem         |    RC     |     LOP  Ratio |     LOP  Ratio |     LOP  Ratio |     LOP  Ratio |     LOP  Ratio |     LOP  Ratio |     LOP  Ratio |
------------------------------------------------------------------------------------------------------------------------------------------------------
| rand-4-8-2      |        28 |      27   1.04 |      21   1.33 |      16   1.75 |      10   2.80 |       9   3.11 |       0  ----- |       0  ----- | 
| rand-7-8-4      |        98 |      91   1.08 |      57   1.72 |      43   2.28 |      38   2.58 |      35   2.80 |      20   4.90 |       0  ----- | 
| rand-7-9-4      |       162 |     155   1.05 |     108   1.50 |      82   1.98 |      74   2.19 |      61   2.66 |      35   4.63 |       0  ----- | 
| rand-7-10-5     |       381 |     366   1.04 |     233   1.64 |     172   2.22 |     167   2.28 |     144   2.65 |     100   3.81 |       0  ----- | 
| rand-7-11-4     |       385 |     378   1.02 |     287   1.34 |     175   2.20 |     168   2.29 |     132   2.92 |      75   5.13 |       0  ----- | 
| rand-7-12-6     |      1485 |    1454   1.02 |    1012   1.47 |     745   1.99 |     735   2.02 |     628   2.36 |     495   3.00 |       0  ----- | 
| rand-7-13-5     |      1585 |    1570   1.01 |    1234   1.28 |     768   2.06 |     759   2.09 |     589   2.69 |     401   3.95 |       0  ----- | 
| rand-7-14-7     |      5811 |    5748   1.01 |    4222   1.38 |    3111   1.87 |    3100   1.87 |    2663   2.18 |    2233   2.60 |       0  ----- | 
| rand-8-15-7     |      9907 |    9844   1.01 |    7641   1.30 |    5210   1.90 |    5199   1.91 |    4355   2.27 |    3638   2.72 |       0  ----- | 
| rand-9-16-8     |     22818 |   22691   1.01 |   17586   1.30 |   13046   1.75 |   13023   1.75 |   11185   2.04 |    9943   2.29 |       0  ----- | 
| rand-10-17-9    |     50642 |   50387   1.01 |   38167   1.33 |   28849   1.76 |   28839   1.76 |   25370   2.00 |   23266   2.18 |       0  ----- | 
| srand-8-20-2    |     28620 |   28620   1.00 |   20207   1.42 |    6668   4.29 |    5535   5.17 |    2881   9.93 |    2851  10.04 |       0  ----- | 
| srand-8-20-4    |    135566 |  136027   1.00 |  113493   1.19 |   60066   2.26 |   59267   2.29 |   45569   2.97 |   42445   3.19 |       0  ----- | 
| srand-8-20-6    |    167262 |  167351   1.00 |  137450   1.22 |   77800   2.15 |   77752   2.15 |   62694   2.67 |   54980   3.04 |       0  ----- | 
| rc-2d-20-4      |       545 |     540   1.01 |     480   1.14 |     256   2.13 |     196   2.78 |      43  12.67 |       0  ----- |       0  ----- | 
| rc-2d-20-5      |      1091 |    1080   1.01 |     960   1.14 |     528   2.07 |     408   2.67 |      44  24.80 |       0  ----- |       0  ----- | 
| rc-2d-20-6      |      1927 |    1904   1.01 |    1680   1.15 |     912   2.11 |     688   2.80 |      40  48.17 |       0  ----- |       0  ----- | 
| rc-2d-20-7      |      3343 |    3296   1.01 |    2912   1.15 |    2208   1.51 |    1792   1.87 |      52  64.29 |       0  ----- |       0  ----- | 
| rc-2d-20-8      |      5855 |    5760   1.02 |    4992   1.17 |    2752   2.13 |    1984   2.95 |      28 209.11 |       0  ----- |       0  ----- | 
| rc-perm-5       |      1066 |    1049   1.02 |     851   1.25 |     296   3.60 |     216   4.94 |      20  53.30 |       4 266.50 |       0  ----- | 
| rc-perm-6       |      9346 |    9280   1.01 |    7898   1.18 |    2076   4.50 |    1836   5.09 |      92 101.59 |      61 153.21 |       0  ----- | 
| rc-perm-7       |     90169 |   90094   1.00 |   79049   1.14 |   17230   5.23 |   16558   5.45 |     960  93.93 |     855 105.46 |       0  ----- | 
| rc-perm-8       |    953009 |  952597   1.00 |  856597   1.11 |  160781   5.93 |  158989   5.99 |    9766  97.58 |    9393 101.46 |       0  ----- | 
| rc-ratio-20-3-7 |       920 |     925   0.99 |     843   1.09 |     477   1.93 |     447   2.06 |     282   3.26 |      81  11.36 |       0  ----- | 
| rc-ratio-20-3-9 |       530 |     564   0.94 |     506   1.05 |     450   1.18 |     432   1.23 |     152   3.49 |      23  23.04 |       0  ----- | 
| rc-ratio-20-4-7 |      4952 |    4943   1.00 |    4520   1.10 |    2529   1.96 |    2500   1.98 |    1394   3.55 |     739   6.70 |       0  ----- | 
| rc-ratio-20-4-9 |      4371 |    4498   0.97 |    4113   1.06 |    2014   2.17 |    1988   2.20 |    1054   4.15 |     562   7.78 |       0  ----- | 
| rc-ratio-20-5-7 |     13669 |   15341   0.89 |   14028   0.97 |    7108   1.92 |    7064   1.94 |    3644   3.75 |    2467   5.54 |       0  ----- | 
| rc-ratio-20-5-9 |     13754 |   13650   1.01 |   12220   1.13 |    6751   2.04 |    6719   2.05 |    3485   3.95 |    2454   5.60 |       0  ----- | 
| rc-ratio-20-6-7 |     32883 |   35882   0.92 |   31992   1.03 |   17797   1.85 |   17505   1.88 |   10669   3.08 |    8765   3.75 |       0  ----- | 
| rc-ratio-20-6-9 |     39123 |   40906   0.96 |   37209   1.05 |   21503   1.82 |   20142   1.94 |   11187   3.50 |    9061   4.32 |       0  ----- | 
| rc-ratio-20-7-7 |     82447 |   81428   1.01 |   72272   1.14 |   47798   1.72 |   47748   1.73 |   30442   2.71 |   25841   3.19 |       0  ----- | 
| rc-ratio-20-7-9 |     69869 |   -----  ----- |   -----  ----- |   37085   1.88 |   35542   1.97 |   22295   3.13 |   19876   3.52 |       0  ----- | 
------------------------------------------------------------------------------------------------------------------------------------------------------
| Mean            |           |           1.00 |           1.23 |           2.37 |           2.63 |          23.74 |          27.89 |          ----- |
| Median          |           |           1.01 |           1.18 |           2.04 |           2.15 |           3.26 |           4.63 |          ----- |
------------------------------------------------------------------------------------------------------------------------------------------------------


Table 5.3 in the paper: comparison on the CPU time
----------------------------------------------------------------------------------
|                 | Simulated |   ISF (ABCD2)  |   ISF (ABCD3)  |    ISF (AD4)   |
| Problem         |    RC     |    Time  Ratio |    Time  Ratio |    Time  Ratio |
----------------------------------------------------------------------------------
| rand-4-8-2      |      1.06 |    0.10  10.75 |    0.02  48.44 |    0.03  36.67 |
| rand-7-8-4      |      0.72 |    0.26   2.78 |    0.16   4.59 |    0.01  68.75 |
| rand-7-9-4      |      1.13 |    0.45   2.51 |    0.29   3.95 |    0.02  68.67 |
| rand-7-10-5     |      2.63 |    1.05   2.51 |    0.72   3.67 |    0.03  93.80 |
| rand-7-11-4     |      2.63 |    0.90   2.91 |    0.54   4.83 |    0.04  72.84 |
| rand-7-12-6     |     10.09 |    4.30   2.35 |    3.61   2.79 |    0.16  63.17 |
| rand-7-13-5     |     11.06 |    4.29   2.58 |    2.94   3.76 |    0.25  44.60 |
| rand-7-14-7     |     39.61 |   17.63   2.25 |   16.20   2.45 |    1.42  27.80 |
| rand-8-15-7     |     64.79 |   29.53   2.19 |   27.59   2.35 |    4.54  14.29 |
| rand-9-16-8     |    157.05 |   78.01   2.01 |   81.61   1.92 |   18.87   8.32 |
| rand-10-17-9    |    352.42 |  196.09   1.80 |  213.48   1.65 |   70.19   5.02 |
| srand-8-20-2    |    180.43 |   17.92  10.07 |   22.31   8.09 |    4.75  37.97 |
| srand-8-20-4    |    874.01 |  323.56   2.70 |  649.61   1.35 |  705.36   1.24 |
| srand-8-20-6    |   1127.69 |  495.51   2.28 | 1265.78   0.89 | 1655.48   0.68 |
| rc-2d-20-4      |      3.50 |    0.30  11.84 |    0.07  47.94 |    0.07  51.92 |
| rc-2d-20-5      |      7.06 |    0.34  20.75 |    0.15  46.25 |    0.14  51.84 |
| rc-2d-20-6      |     12.68 |    0.35  36.06 |    0.26  48.78 |    0.26  49.63 |
| rc-2d-20-7      |     23.01 |    0.56  40.87 |    0.53  43.06 |    0.45  51.50 |
| rc-2d-20-8      |     41.28 |    0.45  91.06 |    0.80  51.80 |    0.73  56.48 |
| rc-perm-5       |      6.95 |    0.17  40.79 |    0.16  42.90 |    0.13  53.08 |
| rc-perm-6       |     62.89 |    0.84  74.44 |    2.33  27.03 |    2.46  25.61 |
| rc-perm-7       |    584.91 |    7.95  73.62 |   48.94  11.95 |   80.21   7.29 |
| rc-perm-8       |   6589.31 |   85.70  76.89 | 1599.53   4.12 | 5290.13   1.25 |
| rc-ratio-20-3-7 |      5.54 |    1.78   3.11 |    0.66   8.36 |    0.18  30.55 |
| rc-ratio-20-3-9 |      3.17 |    0.98   3.24 |    0.24  12.96 |    0.08  37.35 |
| rc-ratio-20-4-7 |     30.48 |    9.31   3.28 |    6.89   4.42 |    2.94  10.37 |
| rc-ratio-20-4-9 |     28.57 |    7.32   3.90 |    5.31   5.38 |    2.50  11.42 |
| rc-ratio-20-5-7 |     91.57 |   27.43   3.34 |   29.70   3.08 |   20.54   4.46 |
| rc-ratio-20-5-9 |     88.24 |   25.21   3.50 |   27.54   3.20 |   17.75   4.97 |
| rc-ratio-20-6-7 |    226.75 |   78.94   2.87 |  122.64   1.85 |   91.57   2.48 |
| rc-ratio-20-6-9 |    268.40 |   78.75   3.41 |  128.22   2.09 |   90.63   2.96 |
| rc-ratio-20-7-7 |    581.28 |  241.24   2.41 |  506.67   1.15 |  447.83   1.30 |
| rc-ratio-20-7-9 |    460.64 |  162.95   2.83 |  315.67   1.46 |  234.72   1.96 |
----------------------------------------------------------------------------------
| Mean            |           |          16.60 |          13.90 |          30.31 |
| Median          |           |           3.24 |           4.12 |          27.80 |
----------------------------------------------------------------------------------
