0000000000
0000000001
0000000100
0000000101
0000001000
0000001001
0000001010
0000001011
0000001100
0000001101
0000001110
0000010000
0000010100
0000010101
0000011000
0000011001
0000011010
0000011011
0000011100
0000011101
0000011110
0000100000
0000100001
0000100010
0000100011
0000100100
0000100101
0000100110
0000100111
0000101000
0000101001
0000101010
0000101011
0000101100
0000101101
0000101110
0000101111
0000110100
0000110101
0000110110
0000110111
0000111000
0000111001
0000111010
0000111011
0000111100
0000111101
0000111110
0000111111
0001000000
0001000001
0001000100
0001000101
0001001000
0001001001
0001001100
0001001101
0001010000
0001010001
0001010100
0001010101
0001011000
0001011001
0001011100
0001011101
0001100000
0001100001
0001100100
0001100101
0001100110
0001100111
0001101000
0001101001
0001101101
0001110001
0001110100
0001110101
0001110111
0001111001
0001111101
0010000000
0010000010
0010000100
0010000110
0010001000
0010001010
0010001100
0010001110
0010010000
0010010010
0010010100
0010010110
0010011000
0010011010
0010011100
0010011110
0010100000
0010100010
0010100100
0010100101
0010100110
0010100111
0010101000
0010101010
0010101100
0010101110
0010101111
0010110100
0010110101
0010110110
0010110111
0010111010
0010111100
0010111110
0010111111
0011000000
0011000001
0011000010
0011000100
0011000101
0011000110
0011001000
0011010000
0011010001
0011010010
0011010100
0011010101
0011010110
0011011000
0011011010
0011011100
0011100000
0011100100
0011100101
0011100110
0011100111
0011110100
0011110101
0011110110
0011110111
0100000000
0100001000
0100001001
0100001010
0100001011
0100011000
0100011001
0100011010
0100011011
0100100000
0100100001
0100100010
0100100011
0100100100
0100100101
0100100110
0100100111
0100101000
0100101001
0100101010
0100101011
0100101101
0100101110
0100101111
0100111001
0100111010
0100111011
0100111110
0101000000
0101000001
0101000010
0101000011
0101000100
0101000101
0101001000
0101001001
0101001010
0101001011
0101010000
0101010001
0101011000
0101011001
0101100000
0101100001
0101100010
0101100011
0101100100
0101100101
0101100110
0101100111
0101101000
0101101001
0101101010
0101101011
0101101101
0101101111
0110000000
0110000010
0110000100
0110000110
0110001000
0110001010
0110001011
0110001110
0110010000
0110010010
0110010110
0110011000
0110011010
0110011110
0110100000
0110100010
0110100011
0110100100
0110100110
0110100111
0110101000
0110101010
0110101011
0110101110
0110101111
0110110110
0110111010
0110111110
0111000000
0111000001
0111000010
0111000011
0111000100
0111000101
0111000110
0111000111
0111001000
0111001001
0111001010
0111001011
0111010000
0111010001
0111010010
0111010100
0111010101
0111010110
0111011000
0111011010
0111100000
0111100001
0111100010
0111100011
0111100100
0111100101
0111100110
0111100111
0111101000
0111101010
0111101011
0111110110
1000001001
1000010100
1000010101
1000010111
1000011000
1000011001
1000011010
1000011011
1000011100
1000011101
1000011110
1000011111
1000100101
1000100111
1000101001
1000101010
1000101011
1000101101
1000101110
1000101111
1000110100
1000110101
1000110110
1000110111
1000111000
1000111001
1000111010
1000111011
1000111100
1000111101
1000111110
1000111111
1001000001
1001000101
1001001001
1001010000
1001010001
1001010100
1001010101
1001010111
1001011000
1001011001
1001011011
1001011100
1001011101
1001011111
1001100001
1001100101
1001100111
1001101001
1001101101
1001101111
1001110001
1001110100
1001110101
1001110111
1001111001
1001111011
1001111101
1001111111
1010010000
1010010010
1010010100
1010010101
1010010110
1010010111
1010011000
1010011001
1010011010
1010011011
1010011100
1010011101
1010011110
1010011111
1010100110
1010100111
1010101110
1010101111
1010110100
1010110101
1010110110
1010110111
1010111010
1010111011
1010111100
1010111101
1010111110
1010111111
1011000001
1011000100
1011000101
1011000110
1011010000
1011010001
1011010010
1011010100
1011010101
1011010110
1011010111
1011011000
1011011001
1011011010
1011011011
1011011100
1011011101
1011011110
1011011111
1011100100
1011100101
1011100110
1011100111
1011110100
1011110101
1011110110
1011110111
1011111111
1100001000
1100001001
1100001010
1100001011
1100011000
1100011001
1100011010
1100011011
1100011111
1100100011
1100100101
1100100111
1100101001
1100101010
1100101011
1100101101
1100101110
1100101111
1100110111
1100111001
1100111010
1100111011
1100111101
1100111110
1100111111
1101000000
1101000001
1101000011
1101000101
1101001000
1101001001
1101001010
1101001011
1101010000
1101010001
1101010011
1101010101
1101010111
1101011000
1101011001
1101011010
1101011011
1101011101
1101011111
1101100001
1101100011
1101100101
1101100111
1101101001
1101101011
1101101101
1101101111
1101110001
1101110011
1101110101
1101110111
1101111001
1101111011
1101111101
1101111111
1110000010
1110000110
1110001000
1110001010
1110001011
1110001110
1110010010
1110010110
1110010111
1110011000
1110011001
1110011010
1110011011
1110011110
1110011111
1110100010
1110100011
1110100110
1110100111
1110101010
1110101011
1110101110
1110101111
1110110010
1110110011
1110110110
1110110111
1110111010
1110111011
1110111110
1110111111
1111000000
1111000001
1111000010
1111000011
1111000100
1111000101
1111000110
1111000111
1111001000
1111001001
1111001010
1111001011
1111010000
1111010001
1111010010
1111010011
1111010100
1111010101
1111010110
1111010111
1111011000
1111011001
1111011010
1111011011
1111011100
1111011101
1111011110
1111011111
1111100001
1111100010
1111100011
1111100100
1111100101
1111100110
1111100111
1111101010
1111101011
1111101111
1111110001
1111110010
1111110011
1111110100
1111110101
1111110110
1111110111
1111111010
1111111011
1111111110
1111111111
